389,54096883,"PerLpk","7201",1,1,1,41460,41460
389,54096883,"35 Red","7201",1,1,1,42120,42120
389,54096883,"PerHal","7201",1,1,1,42480,42480
389,54096883,"PerAsh","7201",1,1,1,42720,42720
389,54096883,"35 Org","7201",1,1,1,43140,43140
389,54096883,"PerRoc","7201",1,1,1,43380,43380
389,54096883,"38pStl","7201",1,1,1,43800,43800
390,54096883,"PerLpk","7201",1,1,1,41460,41460
390,54096883,"35 Red","7201",1,1,1,42120,42120
390,54096883,"PerHal","7201",1,1,1,42480,42480
390,54096883,"PerAsh","7201",1,1,1,42720,42720
390,54096883,"35 Org","7201",1,1,1,43140,43140
390,54096883,"PerRoc","7201",1,1,1,43380,43380
390,54096883,"38pStl","7201",1,1,1,43800,43800
391,54096883,"PerLpk","7201",1,1,1,41460,41460
391,54096883,"35 Red","7201",1,1,1,42120,42120
391,54096883,"PerHal","7201",1,1,1,42480,42480
391,54096883,"PerAsh","7201",1,1,1,42720,42720
391,54096883,"35 Org","7201",1,1,1,43140,43140
391,54096883,"PerRoc","7201",1,1,1,43380,43380
391,54096883,"38pStl","7201",1,1,1,43800,43800
392,54096883,"PerLpk","7201",1,1,1,41460,41460
392,54096883,"35 Red","7201",1,1,1,42120,42120
392,54096883,"PerHal","7201",1,1,1,42480,42480
392,54096883,"PerAsh","7201",1,1,1,42720,42720
392,54096883,"35 Org","7201",1,1,1,43140,43140
392,54096883,"PerRoc","7201",1,1,1,43380,43380
392,54096883,"38pStl","7201",1,1,1,43800,43800
394,54096883,"PerLpk","7201",1,1,1,41460,41460
394,54096883,"35 Red","7201",1,1,1,42120,42120
394,54096883,"PerHal","7201",1,1,1,42480,42480
394,54096883,"PerAsh","7201",1,1,1,42720,42720
394,54096883,"35 Org","7201",1,1,1,43140,43140
394,54096883,"PerRoc","7201",1,1,1,43380,43380
394,54096883,"38pStl","7201",1,1,1,43800,43800
395,54096883,"PerLpk","7201",1,1,1,41460,41460
395,54096883,"35 Red","7201",1,1,1,42120,42120
395,54096883,"PerHal","7201",1,1,1,42480,42480
395,54096883,"PerAsh","7201",1,1,1,42720,42720
395,54096883,"35 Org","7201",1,1,1,43140,43140
395,54096883,"PerRoc","7201",1,1,1,43380,43380
395,54096883,"38pStl","7201",1,1,1,43800,43800
396,54096883,"PerLpk","7201",1,1,1,41460,41460
396,54096883,"35 Red","7201",1,1,1,42120,42120
396,54096883,"PerHal","7201",1,1,1,42480,42480
396,54096883,"PerAsh","7201",1,1,1,42720,42720
396,54096883,"35 Org","7201",1,1,1,43140,43140
396,54096883,"PerRoc","7201",1,1,1,43380,43380
396,54096883,"38pStl","7201",1,1,1,43800,43800
